motif	si-Ctrl-1	si-Ctrl-2	si-eIF5A-1	si-eIF5A-2
DD	0.002593462778781475	0.000971482885706002	0.00048308574887305733	0.0005264552313212351
DD	0.0014163176886763291	0.0018132660801437747	0.0025572667508367763	0.002063053119947681
DD	0.026352827362617945	0.029352039468254664	0.023232259348683545	0.024506430052013847
DD	0.0024507680338009385	0.0009919264824044636	0.0004509612268142666	0.0005586142078855473
DD	0.0014338495125708114	0.001988634135011062	0.0026690130520993947	0.0021553683918220704
DD	0.026218182663224274	0.026497264941066377	0.02256004116500335	0.02497973016888379
DD	0.0027832573899681827	0.0009609516517334723	0.0004345328950197359	0.0004820494221482794
DD	0.0015927873545675748	0.0019861124704757056	0.0027932164582773686	0.0024480903896412923
DD	0.02895759700865389	0.03271673969433966	0.023428114966044866	0.025189811889082914
DD	0.002605047548013107	0.0011545519397902838	0.000391641596890463	0.0005205755489562131
DD	0.0013406875409648438	0.0018329884178597282	0.00231782397354181	0.002101805730588047
DD	0.026352905887649408	0.027716413509808552	0.023657341126985736	0.024818291097455446
DD	0.0023068720332704864	0.0010051587840061648	0.00037528923289387514	0.0005207984614236595
DD	0.0012714711010546904	0.0018280083949759984	0.002393972333526278	0.0020710300313218476
DD	0.02624324192563022	0.02681230618872148	0.023667656883995577	0.02521887117754234
DD	0.002182987967659755	0.0009740000448045099	0.00036577579332956327	0.0005054776999499065
DD	0.0014057418577094745	0.001735392455722484	0.002413700099591999	0.0021142554045747307
DD	0.026511993167587716	0.028447248244171743	0.023605443245190656	0.025685903560180565
DD	0.0023776719691185207	0.0010159164625867965	0.00033243573272027173	0.0003887362627634834
DD	0.0012288385976957968	0.0017397996058181983	0.0023882292626364074	0.0021701847262996557
DD	0.02677803555812454	0.028040777070668193	0.023995711016148218	0.026611436691394916
DD	0.002150846829566948	0.001139766380548499	0.00033034045804095335	0.00045318940967233517
DD	0.0013596837404311886	0.002021083793163047	0.0025133299880062848	0.002201246642820968
DD	0.02943990970226447	0.03271172915857221	0.02578358847883539	0.028190204706811897
DD	0.0025054862427445882	0.0008937128672833969	0.00032007431535052206	0.00041377530378550035
DD	0.0013209142630980293	0.0018351324063728385	0.0025386143321988884	0.002383551470102918
DD	0.028161883412751432	0.030834395775255794	0.02629729931449584	0.02850970107783959
DD	0.002220327360422863	0.0008494655003610917	0.00031056258157761225	0.0004816564868279724
DD	0.0014354335752486036	0.0015683439480986903	0.002287830773200316	0.002115780713023203
DD	0.02883030649223302	0.02951368623320406	0.027234729580803637	0.029891485798794554
DD	0.0020256951739183134	0.0010699839635277758	0.0003260568662659333	0.000462461067052431
DD	0.0013508663558816259	0.0017408183063395049	0.0022043398361913996	0.001992433665016377
DD	0.029192638698139053	0.03358975263721526	0.027101773506615773	0.028172323820272727
DD	0.001994676738493196	0.0009142135278876576	0.0003129351850540183	0.0003605073637745555
DD	0.0010197340097376352	0.0015121503641941565	0.0013803353208432098	0.001560321870631789
DD	0.03272703947562528	0.03405431741997341	0.028830749257060258	0.031555583696903845
DD	0.0010468496703754727	0.000685628812845298	0.00028911866323736904	0.0003153571201027053
DD	0.000687112325284093	0.0008810940145740497	0.0007546358606728943	0.0006479741476424807
DD	0.04398693549426191	0.04340004470151029	0.0392513946307239	0.04002374279360913
DD	0.0009075583642489181	0.00045103375017773237	0.00038296782131297424	0.00044120238153903097
DD	0.0009079162336825006	0.0008406192844518501	0.0008535437359878066	0.0007882042650370534
DD	0.042907076420754524	0.04313297986079157	0.04125741218592676	0.03957535276932697
DD	0.0019912096602110554	0.0006329351192108833	0.00037076407102395304	0.0004301475749771004
DD	0.0011293038679431847	0.001565953866335204	0.0022212571821170527	0.0017485474531257956
DD	0.03405067843206696	0.03448499361455477	0.03013762399894878	0.0315888316759085
DD	0.0022764890364464887	0.0009515757730223742	0.0003368405541360556	0.00034842035188934996
DD	0.0017126707513996173	0.0024678491017406487	0.004436066278870756	0.0036540663821280684
DD	0.030154333792981387	0.029345019819072827	0.029488230355513734	0.033243141676473825
DD	0.0014587641154307424	0.0005286465265293974	0.000562452161624953	0.0005500252020427561
DD	0.0016173434046757233	0.002427414392138325	0.005332280821272946	0.0046095228012811166
DD	0.033214761046966614	0.03219693380380258	0.04061792850611532	0.046683678733524435
DD	0.0019565535360257106	0.0008845940361234016	0.0007050233047526603	0.0008825581198668295
DD	0.0015100435855116277	0.0019267913595481922	0.005798278649385973	0.00442123525004107
DD	0.03654348749760296	0.03492759049630106	0.055743510025960924	0.05925394348946513
DD	0.00271539202786177	0.0010246859104619981	0.0007154088072075104	0.0006893620235461438
DD	0.001845697025067874	0.002323904117478353	0.0061600973139707875	0.005265283445320523
DD	0.03595568557695809	0.033647058641472515	0.053738430830963656	0.05861130794905808
DD	0.002890729706757091	0.0009207853659857797	0.0006969901081404412	0.0007752398693402087
DD	0.001964093474046638	0.002370690361659513	0.006068260690415566	0.005036432275200436
DD	0.03933427383329412	0.03671540910538792	0.05283795368656077	0.05439558939741932
DD	0.0029538621055108295	0.0009467944039684923	0.0005154396158403259	0.0005988914034241209
DD	0.0012727090780645497	0.001830936505579151	0.003386431149787265	0.003049120703872472
DD	0.02559388909050988	0.028690939737371825	0.029734857128814855	0.028056490241877008
DD	0.0019414149286724137	0.0006909843948148883	0.00040951086719634466	0.0005022852257319055
DD	0.0010696026430086203	0.0020832391240056284	0.0021972639747290016	0.002239911771532024
DD	0.02281073978257325	0.024395306507995426	0.017996146477739856	0.020614793561014425
DD	0.001244976748042773	0.0005627999701392628	0.0002965113855117876	0.0002985474911388884
DD	0.0012557506113005721	0.001718989506155196	0.0023295173255944066	0.00196315991611288
DD	0.024963087083529442	0.026519106224185615	0.019608477378836104	0.02243715718369893
DD	0.002414258445833217	0.001212447562178175	0.00032516142759926245	0.00038181416067075856
DD	0.0013027507307056276	0.0020166830739847715	0.002449747739324964	0.0021124274080734536
DD	0.024213270871012712	0.026518874376165864	0.02112218270609122	0.023741517729062352
DD	0.0021076799757547065	0.0007570827916786978	0.00039818422369421484	0.0003048715225832827
DD	0.001171295274923012	0.0019198018494101553	0.002568958925774424	0.002051208949156152
DD	0.024811761761955854	0.027136583190160338	0.021161025672383007	0.02281600363499197
DD	0.002192169641590669	0.000991516084512537	0.0003431861692302537	0.0004108463973075492
DD	0.0013813858695260182	0.0016728654088648414	0.0027310852973298407	0.0023582345151967983
DD	0.02534962417830504	0.029992784030407376	0.02292516545484033	0.027262003606603562
DD	0.0023400570493451373	0.0010241720756980674	0.0002910023509874463	0.00046179069127344306
DD	0.0013987543179306157	0.00195697870698517	0.002704135511668735	0.0020514661311122544
DD	0.025943131323314963	0.028291046199666953	0.02439735739720664	0.02509749711063133
DD	0.0020852603862293135	0.0009682341281908036	0.00036339006666530387	0.0003547364708619766
DD	0.0012750881137351335	0.0017177587544834005	0.002734794009642779	0.0021586313559207645
DD	0.02628007505741897	0.030506342374535127	0.022256962872357997	0.024054613565913267
DD	0.002720667494027489	0.0013285672778983425	0.0002979211370748432	0.0003825994184373622
DD	0.0017551139863156452	0.002528540554052677	0.003257514742877963	0.0028578375746152913
DD	0.0291449688564227	0.0335482818082763	0.02268529893007518	0.024462536005483457
DD	0.002206006182256274	0.000983093763598879	0.00030868261780546375	0.0005011187286559276
DD	0.001371363968039186	0.002418297668395175	0.0030793234194348737	0.002287984198306802
DD	0.026495992641201338	0.02694362248690973	0.021961464359670224	0.023559225471815805
DD	0.0021593135503938585	0.0009052199168154187	0.00031116990681638416	0.0003445347842097672
DD	0.001588007981201855	0.0024066396236634476	0.00326012594885772	0.002249988338820514
DD	0.02924468227075967	0.038481089209112494	0.024753804752464477	0.025355368128564027
DD	0.002368178751506819	0.0010297024652401686	0.000343171052385692	0.00039879807345964653
DD	0.001634780188444028	0.002315727612208358	0.0027278233876802675	0.0021452923415662454
DD	0.029868112334283756	0.03590069220252243	0.024775963352732914	0.0260732978434025
DD	0.0036233714398285215	0.0029034917438409548	0.0003128026822626064	0.000414857277381215
DD	0.0015685630415414086	0.002158869061620874	0.002670679550450644	0.002261355545819457
DD	0.027612390617086868	0.030937680691301195	0.021365878174803593	0.023865642706342272
DD	0.002176778913795008	0.0008822335750692078	0.0003505750988161201	0.0003929993386786547
DD	0.0016372692643989398	0.0021645152933327037	0.0028906035904344577	0.0024105217457261506
DDD	0.002107525134776439	0.0007055590037932565	0.0006528094944377777	0.0005222461836330249
DDD	0.0010985234152529528	0.0011328050544839924	0.0017928109717882498	0.001613616212256798
DDD	0.023831841151990076	0.02341961494072986	0.02492737134164113	0.024322666687232836
DDD	0.0016026310369148728	0.0005383753093248448	0.0004896526579870554	0.0004434355242381299
DDD	0.000971594980853988	0.0014134166889539104	0.0015804605537512507	0.0017333094399143018
DDD	0.024887896251833116	0.022365214022706952	0.023749130821035882	0.026173345290390844
DDD	0.001698604481041978	0.0006463976364948112	0.0005453384932478208	0.00043734468685933606
DDD	0.0008980941240619877	0.0017645182851721514	0.0019965460568624306	0.0016371973017408256
DDD	0.02978055507023948	0.03377377150089886	0.023816610327900802	0.027081117724135396
DDD	0.0018351122569594779	0.0005355231771530827	0.00047359278471653275	0.00026484046679489947
DDD	0.0009348484981955585	0.00124125124249063	0.0015914302913198855	0.0015147456566261595
DDD	0.02580603528057372	0.024505895712490542	0.025804111761029813	0.028097652822998833
DDD	0.0015356683692649812	0.00038898444119416344	0.00038391430374950153	0.00029177443343627945
DDD	0.000857534793713217	0.001085395223311594	0.0016102876775066037	0.0011457001378423774
DDD	0.023713277162519704	0.022762092579826514	0.023992450508092723	0.026294136932449558
DDD	0.0015106287292852392	0.000474628198628167	0.0002882395625272886	0.0002850661824568212
DDD	0.0006273387120904953	0.001145204800701814	0.0015238604221874486	0.0012119743297104577
DDD	0.02543918407397108	0.02461739563930592	0.024810253713506748	0.0274836210288251
DDD	0.0011910885260779493	0.000480058301338616	0.00037616547914462537	0.00017986211043724112
DDD	0.000785799784106381	0.0008223753973575732	0.001229608088154403	0.001147193509795401
DDD	0.026291408539519785	0.02432050456400447	0.027379166665637188	0.029626839296175055
DDD	0.0012177609977761417	0.0008466704749685322	0.00036001670428056356	0.00027890434290818623
DDD	0.0006547128083989765	0.0010235370756194785	0.001650593135069721	0.0015220025283851145
DDD	0.027855268845540716	0.024291423484427574	0.029676909047509605	0.0334224185426783
DDD	0.0011704585302152939	0.00043123369152418513	0.000281143662435077	0.00028828440948923194
DDD	0.0008236690514332183	0.0008380279450803027	0.0016715889204719193	0.0017236600180325628
DDD	0.028143992722406527	0.027126267391029562	0.031203625979350152	0.03283437295879139
DDD	0.0011733673383878646	0.0002598683149968036	0.0001789152753548406	0.0003363368028301131
DDD	0.0008471489330514042	0.0006916053022196567	0.00159179210668661	0.0018853718185931113
DDD	0.029928933418233484	0.026780643296186506	0.03415040328232933	0.03614017859607524
DDD	0.0010834732592157669	0.0006322165612572612	0.000291174115782331	0.00020056852662686897
DDD	0.0008221023001841542	0.0008400114719305569	0.0014731203471242205	0.0015689326911202317
DDD	0.030762455514578648	0.02818011355901636	0.033036567297534986	0.0362342625835969
DDD	0.0010341038569550453	0.00039018351399953657	0.00034604098906658096	0.00021221549049237995
DDD	0.0007538854284025452	0.0005869212893487162	0.0009605830904519858	0.0014412975979416094
DDD	0.030072310357370947	0.03129546102053888	0.03574729881094192	0.03772081116046652
DDD	0.0009304514969037026	0.0002978570530443217	0.00037727531414314547	0.00018457402320437466
DDD	0.0004689972925753412	0.0006098223392017895	0.0008161483600750049	0.0006899043191623648
DDD	0.0375889473930582	0.03597112143225254	0.040309531520875505	0.04465747428478075
DDD	0.0008301701300231425	0.00016898998861722346	0.00032538727211242976	0.0001743115610959442
DDD	0.0005173530508721568	0.00022770941867730104	0.0005739487170391585	0.0006160789867491624
DDD	0.0387444169635285	0.033144591380544895	0.044465256499748466	0.04650544090385892
DDD	0.0007287299963636859	0.0001578841264208036	0.0003166552853444213	0.0002637565245799583
DDD	0.0006936433201265123	0.00039219758058269737	0.0007023402359431807	0.0009548092425943023
DDD	0.037231796141844166	0.036404987057424794	0.04030776444084258	0.041194275130979105
DDD	0.0011692346121959555	0.0002346891333733571	0.00031512721363481	0.00020421416106518051
DDD	0.0007907540176858663	0.0008965195199599442	0.0020582299908169436	0.001971066664232291
DDD	0.03142523780009312	0.028878780576811668	0.035690944943028116	0.03862654177620524
DDD	0.001109818497025528	0.00032223597781143597	0.0003948363955111652	0.0001849837551617301
DDD	0.0008348437821350457	0.001663098740459122	0.004297649243440303	0.0031341136118512845
DDD	0.029933835816736493	0.022372534204544183	0.03708338947090453	0.04177940095539569
DDD	0.0010584263642588602	0.0003344779530644109	0.0008715968877459538	0.00032517336626614
DDD	0.0009718279684771558	0.0008280485304182461	0.0046226746756153686	0.003400516894009691
DDD	0.03047613437144783	0.0211284531590096	0.0456428378533713	0.048805911991873056
DDD	0.001221081517557555	0.0003173184627042637	0.0008141805058779529	0.00043417852824377773
DDD	0.0009641646771222301	0.0008335721423502029	0.004814915001504467	0.0035884032293201987
DDD	0.03609251898449315	0.02596079407863269	0.0567045161221264	0.05876431974293203
DDD	0.0017751096524850642	0.0004815603546249577	0.000565230637412519	0.0005561182956842469
DDD	0.001243327247871394	0.0010723921319190461	0.004149452463403355	0.002950925309010449
DDD	0.031996936995526325	0.021837514120172104	0.04818934427967785	0.04772187291135167
DDD	0.001596042058123177	0.0004654264795590477	0.00045800221465093976	0.00037050634196665854
DDD	0.0009073770158272092	0.0007023897682355737	0.0037018666282916082	0.002257378842904054
DDD	0.025122432623211823	0.017094407195300462	0.03398117857170555	0.030817115056493902
DDD	0.0010590741858991593	0.0002641908199348406	0.00044870642336733554	0.00042854231520418807
DDD	0.0008442148451195246	0.0007078310651400864	0.002736911752734439	0.001860649296395229
DDD	0.023253697975119798	0.01987879170151914	0.02525004526286941	0.02658783762986772
DDD	0.0010042365313569159	0.00024647858729819966	0.00038209050479939203	0.00022545655313474413
DDD	0.000802446980389093	0.0007525061990945012	0.0018419800457910782	0.0016961325010883708
DDD	0.02229465236920473	0.024690910932327337	0.019326399392083964	0.023764750093161945
DDD	0.0015272323224408066	0.0011172953280146024	0.0002870196629436791	0.00015778435048137418
DDD	0.0008465508768777425	0.0006583608904879997	0.0017406292642400002	0.001266057080936515
DDD	0.02238094882282467	0.020636468924525076	0.019687101726983694	0.02314680874584686
DDD	0.001203243902984422	0.0004944603514319762	0.0002903953260401436	0.0001730504948563599
DDD	0.0008117552055504327	0.0010768680082151485	0.0018879889543898392	0.0012815322480953224
DDD	0.02110395673085899	0.020826140431235207	0.020499579534317452	0.024384764623518008
DDD	0.001263440690064887	0.0006149479610009577	0.0004113413253784317	0.00031815585385438084
DDD	0.00092412702910614	0.001043443062085506	0.0020940828819825353	0.0016015013918816718
DDD	0.022371165526625488	0.027316332077429555	0.021146813795191524	0.02678827578399314
DDD	0.0016077832019854065	0.0006241852172949748	0.0003199191011268785	0.0002906822793775736
DDD	0.0007461388041049483	0.0011061015741021263	0.001816416107642412	0.001464895272446525
DDD	0.020361961752040296	0.023104248602886422	0.019306708835837978	0.02315224806665868
DDD	0.0011542327345866197	0.0004851677347889463	0.00032467052944814125	0.0003349768884061415
DDD	0.0007597653820094314	0.0008086153951281813	0.0017881609996859415	0.0013771544862581876
DDD	0.02129606112915321	0.022263051262924494	0.019672441282941436	0.02195696109113975
DDD	0.0013237760190855461	0.00048444421431577	0.00030202478647475606	0.0003446933889023699
DDD	0.0011351123199482174	0.0016528810192235825	0.0024186585683287215	0.001638797179101416
DDD	0.025114316874656265	0.030561754021309354	0.021463069184874714	0.025193548311073854
DDD	0.0012392795934635912	0.000490875767741488	0.0003733290433724783	0.00040253256240889207
DDD	0.000954084106512827	0.0010730663491210805	0.002296182169876335	0.0019976915609564425
DDD	0.023779373765623026	0.0216372085841881	0.020437698382407568	0.02530220830378532
DDD	0.0011521028345779312	0.0005295647034203202	0.00022546335663127168	0.00025236496868847724
DDD	0.0011864930848063829	0.0013393784330705052	0.002445004910976644	0.0018144902472264695
DDD	0.026585242288166895	0.03361378720813826	0.021518254969891893	0.025374932432115322
DDD	0.001001485019150229	0.0003919826983743903	0.000304403860397096	0.00040131661225490967
DDD	0.0010924362620338328	0.0014135009593944487	0.002269738394212671	0.0014004832727309978
DDD	0.025996411753308125	0.03126827141891575	0.022437839187347444	0.025610215309967894
DDD	0.0037686146177919218	0.004201089388845076	0.0002773163227184965	0.00044028284992798017
DDD	0.0013480885942678195	0.0017093301279293388	0.0017162942076312953	0.0012930294928384187
DDD	0.023228909526407687	0.02435529999041047	0.02225790971214463	0.02444545019970134
DDD	0.0010295486959927332	0.0005731462907919379	0.0003770001220658842	0.00038852409683599496
DDD	0.001172494618429682	0.001452631834228113	0.0019891563549141195	0.0018193601551171126
