motif	si-Ctrl-1	si-Ctrl-2	si-eIF5A-1	si-eIF5A-2
PP	0.0031138440046831416	0.001098884366614518	0.00043757986868023474	0.0007139736758659053
PP	0.0020071530650405144	0.002897485385796406	0.0031648212939026157	0.0023542206091822465
PP	0.032102787870727276	0.031009895660151627	0.024978700342259682	0.019352496307431445
PP	0.0034192951539358477	0.0009719535991967271	0.0004065288005368441	0.0005495328354629497
PP	0.0019244783052786913	0.003203117408128762	0.0032837261174402006	0.0023954088504231333
PP	0.030587814883321598	0.031601105761277316	0.02561318516364809	0.020624983401049287
PP	0.00348234540850562	0.0010863893669867473	0.00047677989121100694	0.0005093465657356008
PP	0.0020635601260186607	0.0032207512216408094	0.0034827110725136326	0.002555942911350217
PP	0.030658415064367967	0.03058341266910596	0.020031332771593295	0.0193395860219316
PP	0.00392830324762639	0.0009467422421393998	0.00045384066969501814	0.00046389433344108254
PP	0.002154414104291741	0.0024746805785354326	0.0030274020228207577	0.001978040559165409
PP	0.028022199208566564	0.031073990996683825	0.019868930265108418	0.01819879253645789
PP	0.0027856278562726215	0.0013926312928018176	0.0005117728474028512	0.0005718846226027798
PP	0.0022485558859333915	0.002609517429939611	0.003838136672223675	0.00224922685547525
PP	0.03195678860040192	0.03905020163010684	0.02830220607717476	0.019548036772677288
PP	0.005119916569702458	0.0016356063894815425	0.0004884905991268676	0.000551363871821214
PP	0.002401557841837437	0.0029247047217024072	0.0048872940762962926	0.0032976757841530397
PP	0.033168953502570195	0.041204636081279306	0.03146514067919936	0.026972940633162426
PP	0.005745032141083796	0.0017287470270529225	0.000505270793768119	0.0005668931087744238
PP	0.0029408940928760626	0.0029191876573889954	0.0054226359232258355	0.0037574975699118697
PP	0.03548787126822979	0.044113868212337856	0.03937166218643424	0.03412507598028199
PP	0.005722653569565231	0.001644145137757574	0.0009965502003042288	0.0008943922829529236
PP	0.002385713004609292	0.0029558681906374238	0.007003904719027665	0.0058538277716703715
PP	0.0353934366154513	0.040960019937263996	0.05079806273391106	0.05676917266567122
PP	0.005969241152647034	0.0017929007492149482	0.0011603308910726263	0.0015413086976758617
PP	0.0023701467661932205	0.002966126134749032	0.004371726287803081	0.0040490203725690125
PP	0.032869443410419336	0.03879074609986376	0.03241604247871546	0.03487456074432677
PP	0.004034634949348696	0.0012679114893170717	0.0007308287788111427	0.0008813492894960657
PP	0.0024575470982148573	0.002986257964830545	0.0034610026513650785	0.0024839377701914166
PP	0.030192692616949686	0.03515742994914555	0.02392267637775945	0.022948633823870676
PP	0.003349325779388064	0.00126591365379076	0.0005909416578817351	0.0004853685934729737
PP	0.0022604480921312544	0.002907372233177167	0.00407029400422635	0.001944452451152928
PP	0.03129110115930028	0.03473522113582135	0.02332147193797064	0.020201294996648907
PP	0.003343377541922275	0.0017166152664733916	0.000650784959084795	0.0006615077541820107
PP	0.0034836831207939985	0.0037325079413303387	0.005308055944920097	0.0032424399037788956
PP	0.03405228350912006	0.03774879621738491	0.021363536309423628	0.01994693486654398
PP	0.0026802718152375256	0.0010187618188935556	0.0006270347675644248	0.000568237602188679
PP	0.003188981111912334	0.0035761689381830684	0.0043332208459415525	0.0026607997184712974
PP	0.02711456346239588	0.0299273771186038	0.017274230239512238	0.018084368157615945
PP	0.001978927024560968	0.0007439106214722001	0.0006114929458328913	0.0005670944080784579
PP	0.002265141667583915	0.0020530815697316226	0.002647452095724206	0.001773993347745947
PP	0.027728759386999723	0.02911768038455267	0.021487918320918967	0.020120133494618966
PP	0.003422275281538189	0.001493450617899948	0.0008753470818712754	0.0009995387573523836
PP	0.002964334156653652	0.003282915740827693	0.006211894155753608	0.004983276966644745
PP	0.03819744997030806	0.04271433800345589	0.039096821783550395	0.031214059862437787
PP	0.007292776238999448	0.002283206692927963	0.000852460957961244	0.001462978879441745
PP	0.004036813245458534	0.004235779303881824	0.010349825331775812	0.008036781055162232
PP	0.0535769882316039	0.058475402612513896	0.06766718024666264	0.058465900784201004
PP	0.008867764986806541	0.0026578550595156144	0.0011569651197011802	0.001953353290464879
PP	0.004798435686627795	0.005328327475678435	0.024144976623456424	0.015297817158442752
PP	0.07779946368782505	0.07472612244601634	0.1634259102993711	0.1419092606332249
PP	0.010488339200426501	0.003611759941428656	0.0018565676696448623	0.0030582399299856774
PP	0.006135462356695334	0.006673773414097342	0.02915756045738426	0.018402931971820156
PP	0.07806355198889148	0.07852413118345664	0.17661780668137456	0.14420273273330625
PP	0.00894126526967364	0.0033726296433414047	0.0013792048438044334	0.0019970035326326917
PP	0.003294499082060979	0.0036194947987223908	0.008197586276522045	0.00515897884990967
PP	0.047691811298565624	0.04657480510900581	0.07039991101770504	0.05253434883172025
PP	0.0045291659278738705	0.001575411177073128	0.0007029630014472076	0.0009152342172627461
PP	0.002835714157455014	0.003443997608953285	0.006097135499003939	0.00328512546871613
PP	0.04170557177327156	0.03989595945202754	0.03838978134747014	0.02464653464429922
PP	0.0037005399523604124	0.0012935771978809074	0.0007211072240046955	0.0007768449716711021
PP	0.003653905747991166	0.0032227069132723593	0.010536404845254827	0.0030961596962440397
PP	0.04402115277951872	0.04131386549516665	0.039895979769132686	0.022874915362228236
PP	0.004888629218947461	0.0012543686932304948	0.0009061589333697613	0.0006752208409282232
PP	0.002965190945060987	0.002478612041144741	0.0039754387015312875	0.0020578910248502833
PP	0.03492381300049763	0.036603003985308843	0.022180649744606838	0.017599625108543602
PP	0.004060667160889527	0.001396635601492645	0.0008816240529171141	0.0004944205326086255
PP	0.0023556966724991514	0.0022986610550534753	0.0022863200367018366	0.0014452314348996423
PP	0.03374111120682689	0.03677153058977639	0.018724160670307733	0.01469901238851665
PP	0.0030813623832529405	0.0013704222190269943	0.0007427621340859605	0.00037927334872203656
PP	0.00238993322229359	0.0025438510124456233	0.002849259763620376	0.0017756866824231896
PP	0.03263441631903728	0.03695996982213219	0.017075442889880933	0.014068023893604184
PP	0.003512620190652555	0.0013182644008866505	0.0007464862653896405	0.00046866504914602975
PP	0.00234523916036793	0.0024683169451470547	0.003307104044769098	0.001917415217574257
PP	0.03054736826351949	0.034814382204902676	0.016388518091854206	0.01342233386131289
PP	0.003584961010391379	0.0009760822863086728	0.00045627379846843524	0.0003961760682150576
PP	0.002041808757298102	0.002377640801795375	0.002758204324426454	0.0017047769163587119
PP	0.033464940920180944	0.038314844230580965	0.015248053993388681	0.0134533194597637
PP	0.0033365810698417404	0.0013340897441418422	0.00036529711709524566	0.0004435039753290764
PP	0.0019367272223702605	0.003052642240537821	0.0025234822160594564	0.0015923924013879012
PP	0.03397953838639671	0.038163603462162785	0.015462325625842084	0.013814530608581151
PP	0.0030259256947310817	0.0013746399401153517	0.00034698750126604044	0.0004103386142128276
PP	0.0022035150251650073	0.0026693744615231565	0.0035747044442504504	0.0015894448838694572
PP	0.034143219231346306	0.03834429007656562	0.02036281620447505	0.015257371191492062
PP	0.0028664719797685018	0.0010863497829816935	0.00033803098602798074	0.0003863194292654577
PP	0.002181337222488847	0.002949671046392298	0.004192229874170706	0.002154631525409974
PP	0.034389407738238585	0.03748990566789021	0.02456264715694989	0.019019702327053425
PP	0.0036249218648035787	0.001563467939154453	0.00030284836838112913	0.0005451377934281201
PP	0.0019688239347383065	0.003501728521070325	0.002958501077474617	0.0021189945739422972
PP	0.03139769501877111	0.03405517765298387	0.019370068218237453	0.018129937964423352
PP	0.0030239866366751247	0.001339373450002501	0.00033927186620373264	0.0004918058561546127
PP	0.0016296408925728374	0.00252947844698769	0.0021386619132327607	0.00189383226315211
PP	0.0323995626742863	0.033737077668814924	0.015309891726695762	0.014357529002677208
PP	0.0030874397002543484	0.0009145357577956929	0.00029660777026243153	0.00041934898266387025
PP	0.0020896889175835882	0.002768621658995671	0.0029864713200384607	0.0024755980568777628
PP	0.031191442582449318	0.034599603127805516	0.01910738841282301	0.018511294700420827
PP	0.0029297996958770997	0.0011274739533736575	0.0002975947891176671	0.0008422055399847255
PP	0.002274883008824071	0.0034446249524351367	0.00451811329455877	0.0029866992427788445
PP	0.03266006926611167	0.03542465505889127	0.0180619148201975	0.017905507225648636
PP	0.0031879635844856264	0.0011878891368037568	0.0005256773084208091	0.0005430320977039131
PP	0.0022807940789418796	0.002892942098391503	0.00422362416614389	0.0023603810189280587
PPP	0.0026227390969608294	0.0006590419710872833	0.0005332987048173318	0.0007250758637736791
PPP	0.001998645327783875	0.0039431759292151616	0.003568383320464414	0.002792051735037448
PPP	0.04274533168319212	0.03722248272904365	0.03125633671690563	0.014999107484514685
PPP	0.005032878625840447	0.0006310128245996874	0.00041958329205793633	0.0007224136515543336
PPP	0.0027690073902621897	0.0034809789162280544	0.0036764788680922387	0.0016306477651595497
PPP	0.0419364694390852	0.0335457861825811	0.03189284582002289	0.018213054408970808
PPP	0.005391547865290264	0.0011948664427455305	0.0005200761536545092	0.0007321626667854168
PPP	0.002355236360811938	0.0036094809820883165	0.0024270846091663453	0.0016047465095115595
PPP	0.038149885351105264	0.03125608566694137	0.0192718483218319	0.015839924459871483
PPP	0.006117116606032879	0.0010965300666767811	0.0007592110362139588	0.0006887455613669047
PPP	0.0023820661510063385	0.003394224539748256	0.0024887884654096718	0.0021789340331772
PPP	0.03603371825141881	0.030889853673433134	0.01778142800688807	0.013338675489416559
PPP	0.003580246734487689	0.0010195139641780292	0.000819184057172505	0.0007418255620965856
PPP	0.0031592430744771015	0.003156058244905909	0.0023617920047769225	0.0015492294055761246
PPP	0.02959504069185914	0.036046628529775596	0.014116093421250482	0.013678250038143979
PPP	0.002906250188721556	0.0012723777209773977	0.0006072765124738401	0.0004351201188581831
PPP	0.0035267823295605017	0.0031814428272281753	0.008257867228980574	0.003737943886266767
PPP	0.05002923837111898	0.06553170794370017	0.05796149936618821	0.028868149084993303
PPP	0.012128524757269454	0.003076924113767871	0.00038583757864712955	0.0005612260913356099
PPP	0.003955157341812237	0.003843273971909513	0.009245640915874584	0.004695386271089092
PPP	0.05275977690684163	0.07756578567142114	0.06821482244732598	0.04214767015802221
PPP	0.01544914901501194	0.003124644154601278	0.0008793881505448912	0.0006471824510498652
PPP	0.004779684612221642	0.004099196092272744	0.010284156248819646	0.005986603356304793
PPP	0.05963608218372734	0.07611874601867528	0.08105634454217714	0.054277016770939226
PPP	0.016563784521339525	0.0035032549052822874	0.001647512619909558	0.0010335392956437816
PPP	0.0032296443698666246	0.003130719898080115	0.004388402757636212	0.004171831735084988
PPP	0.03783467603214952	0.04798760222777469	0.037929626076889385	0.04486380195003897
PPP	0.006740857540520852	0.0015316707839020934	0.0012634838191738504	0.0008034366315410941
PPP	0.003996224105093136	0.0035908017705919763	0.003076688801422041	0.0027699848800283285
PPP	0.03966149142119013	0.048029718612980804	0.030010925973951438	0.03161635123983379
PPP	0.0028591813725133823	0.002367517090893633	0.001114402478992342	0.0006383197113826343
PPP	0.002895706304584894	0.00377381898772203	0.004641678589817311	0.0027337789335428616
PPP	0.041001052262143074	0.044576432650645995	0.02157439936870558	0.021498302089675674
PPP	0.0037336686019472	0.0015443642971333992	0.0008557413744422843	0.0007822796948368623
PPP	0.005268142605645336	0.004965083280630727	0.005170778857441859	0.002441340695592666
PPP	0.04831558789120752	0.04733280895184201	0.020243312852470656	0.015877986921385732
PPP	0.003405700017331796	0.0017471854793372232	0.0012069759173922953	0.0008568879021462643
PPP	0.004490012195573347	0.003830990206686206	0.004776826742375016	0.002679695441153377
PPP	0.032005517057168066	0.028722186853349978	0.015297248714192904	0.01498066865427871
PPP	0.0029830385428387747	0.0011589834625946077	0.0010678880898739463	0.0008196305341468436
PPP	0.004518108037668946	0.0024290053590343384	0.0037886353847634657	0.0025475479573444167
PPP	0.027269416047116336	0.026068851169235584	0.021309466799782874	0.020665519457688398
PPP	0.0021908519011066482	0.0010645108507630191	0.001210654316838631	0.0008063454744688338
PPP	0.0027499475272344392	0.0024473842497813314	0.004342665601126341	0.0027157788012766556
PPP	0.0331860849528699	0.03638066664914428	0.03129287319085934	0.03160241173506072
PPP	0.0047491190581083476	0.002006491775205603	0.0017101275523441044	0.0021097766262857163
PPP	0.0049214482510027595	0.006541513192787061	0.01671958105688824	0.01407166605265773
PPP	0.06572096687731681	0.07748704667070858	0.10307617110992325	0.07050415502527871
PPP	0.018767246158957942	0.005195541385849319	0.0017184167910511978	0.004445880268144528
PPP	0.006569803237218982	0.008230099919465533	0.02665688858896031	0.02311960220584616
PPP	0.08804121336409601	0.09787565939871708	0.15826589214787717	0.1180764590115646
PPP	0.019682942657462052	0.005202216810014889	0.0019217246402356543	0.00438208596626789
PPP	0.005935185748661944	0.008705047669037319	0.032199623803167036	0.02022356413136119
PPP	0.10553391513115291	0.10613838114698118	0.2743131089565854	0.20278949646078498
PPP	0.01877894438671217	0.005948963820600151	0.0021069440294066424	0.0019215338343378631
PPP	0.005305364278616692	0.005967680413904604	0.013559135770692416	0.008973957159315822
PPP	0.08491712342571234	0.07738912384622486	0.15450695315926186	0.10432162607187309
PPP	0.006514399547236151	0.0034999090964644816	0.0012614428581954455	0.0011353991986888469
PPP	0.004578591011248023	0.004828883924780643	0.009624724130741216	0.005351848585982431
PPP	0.07131608099288778	0.06672941093293766	0.08939970094253635	0.04586610362416566
PPP	0.005126061845987424	0.0021466154998351795	0.000939882927085773	0.0008269620286555387
PPP	0.004745658325966411	0.003549879001468215	0.008556200623768362	0.0030315290038981095
PPP	0.06529042404529327	0.05684700782524103	0.06433674033038289	0.02846536058104073
PPP	0.004990203301443348	0.0014846493117848338	0.0007224546150574395	0.0006909365493317033
PPP	0.00410729782804651	0.002567757248174033	0.00377416805253136	0.0015313755758167803
PPP	0.04980538169195254	0.04838465123041599	0.031761622372327464	0.021192157975633612
PPP	0.006497265127177273	0.0015632621108876263	0.002025546805781168	0.00036681426067960423
PPP	0.0033189292217568195	0.0020172264863745027	0.0027349285854981606	0.0011417567237350032
PPP	0.045988127198639976	0.04768243541864096	0.02118552040100166	0.014828231999259344
PPP	0.004597843458080053	0.00187565962441759	0.0020831932917932867	0.000268813352133519
PPP	0.0035986345481415194	0.0014512773979787337	0.0021132438841570313	0.0010553021965344226
PPP	0.03649958138456264	0.04402074568323008	0.01539546085909091	0.009472726172067904
PPP	0.0036525947532983416	0.0018941242903540258	0.0018063056985712245	0.00032664078481609216
PPP	0.0033198074365197606	0.002188335526643816	0.0015386543223734094	0.0006159157037249791
PPP	0.030818563375899548	0.0430066111529906	0.011957153924846664	0.005971845761093895
PPP	0.003918517151596863	0.0015603548451286523	0.0008157118365556228	0.00025316930905290716
PPP	0.0019522735559006127	0.0024101076260899875	0.0014829710149788188	0.0007835056752267829
PPP	0.03201349747271102	0.040614304332176415	0.009855730938840094	0.00631804775016257
PPP	0.0037163031802655813	0.0015982825106374719	0.0004955153275252215	0.0003179944560227759
PPP	0.0023558110423654325	0.003790260988153031	0.0013066336677916067	0.0009093874200092726
PPP	0.0453129941725731	0.05115771751979524	0.009263566214383038	0.006409706384814281
PPP	0.0043358329358003	0.0018189203721088638	0.0004944307382043823	0.00045932184923138763
PPP	0.0018557543082385677	0.003416120834686149	0.0014547081924421198	0.0007851045651981705
PPP	0.04474306541815218	0.043154195060915675	0.011907768937970858	0.006199505496481604
PPP	0.003425505644892036	0.0012854954150457877	0.0004329534147123151	0.0005632376276987166
PPP	0.0021110263191797393	0.0030715175867740466	0.00350037901534193	0.0012612818475649394
PPP	0.04653840324234198	0.045868944425081444	0.01535443603092841	0.008853758918606897
PPP	0.00409053357368933	0.0014149188366691847	0.00024186978728909912	0.0005069844411299376
PPP	0.001557340196657914	0.0030369907126993013	0.0011191251448695388	0.0006899680266141901
PPP	0.036592990089374694	0.0417930689067226	0.010071907815626243	0.007089633143569676
PPP	0.004072505596220645	0.000916264781392404	0.00020633260592879432	0.0003490333047174274
PPP	0.0015451076862187366	0.003710271931649461	0.001406691526867755	0.0006583986326698856
PPP	0.034494369466610955	0.038904841800791304	0.00795493166457308	0.00713822598888059
PPP	0.003533883117265133	0.0006581364882189119	0.00023949847694378613	0.0002800431080334781
PPP	0.0013796407909680056	0.003538075190492117	0.00213284080781946	0.0019899402300195433
PPP	0.0373183814109432	0.03522295857835297	0.010686922661964044	0.00857841689743322
PPP	0.0034369544228587483	0.0008117150779849927	0.0002030172018797625	0.00028314907776896017
PPP	0.002572045093241714	0.004147077678427874	0.0027053566958546607	0.002288052805847175
PPP	0.03768173988400564	0.03518731991768192	0.01289695231921701	0.010023121085162318
PPP	0.0034641312662359765	0.0009106732496959657	0.0002244001814046974	0.0005753583222080599
PPP	0.002689847458273969	0.0037079074592147685	0.0023384989925717163	0.001542062550722592
